6 0.01808785529715762 0.025974025974025976 0.046899224806201546 0.04714285714285714 
6 0.046511627906976744 0.01948051948051948 0.046899224806201546 0.04714285714285714 
6 0.06589147286821706 0.02077922077922078 0.046899224806201546 0.04714285714285714 
6 0.09560723514211886 0.023376623376623377 0.046899224806201546 0.04714285714285714 
6 0.14728682170542637 0.02727272727272727 0.046899224806201546 0.04714285714285714 
6 0.29198966408268734 0.04285714285714286 0.046899224806201546 0.04714285714285714 
6 0.31136950904392763 0.046753246753246755 0.046899224806201546 0.04714285714285714 
6 0.3359173126614987 0.05584415584415584 0.046899224806201546 0.04714285714285714 
6 0.37467700258397935 0.07402597402597402 0.046899224806201546 0.04714285714285714 
6 0.4005167958656331 0.08961038961038961 0.046899224806201546 0.04714285714285714 
6 0.44573643410852715 0.11558441558441558 0.046899224806201546 0.04714285714285714 
6 0.5697674418604651 0.21558441558441557 0.046899224806201546 0.04714285714285714 
6 0.6059431524547804 0.2519480519480519 0.046899224806201546 0.04714285714285714 
6 0.6369509043927648 0.287012987012987 0.046899224806201546 0.04714285714285714 
6 0.710594315245478 0.38181818181818183 0.046899224806201546 0.04714285714285714 
6 0.8281653746770026 0.6038961038961039 0.046899224806201546 0.04714285714285714 
6 0.8669250645994832 0.687012987012987 0.046899224806201546 0.04714285714285714 
6 0.9302325581395349 0.8389610389610389 0.046899224806201546 0.04714285714285714 
6 0.9677002583979328 0.9441558441558442 0.046899224806201546 0.04714285714285714 
