3 0.29069767441860467 0.19220779220779222 0.03837209302325581 0.03857142857142857 
3 0.5490956072351422 0.3233766233766234 0.03837209302325581 0.03857142857142857 
3 0.9806201550387597 0.7324675324675325 0.03837209302325581 0.03857142857142857 
3 0.7260981912144703 0.6714285714285714 0.03837209302325581 0.03857142857142857 
3 0.4263565891472868 0.22337662337662337 0.03837209302325581 0.03857142857142857 
3 0.7222222222222222 0.8766233766233766 0.03837209302325581 0.03857142857142857 
3 0.3359173126614987 0.03896103896103896 0.03837209302325581 0.03857142857142857 
3 0.9780361757105943 0.5402597402597402 0.03837209302325581 0.03857142857142857 
3 0.38242894056847543 0.7467532467532467 0.03837209302325581 0.03857142857142857 
3 0.28294573643410853 0.7155844155844155 0.03837209302325581 0.03857142857142857 
3 0.49612403100775193 0.08701298701298701 0.03837209302325581 0.03857142857142857 
3 0.14599483204134367 0.2597402597402597 0.03837209302325581 0.03857142857142857 
3 0.33204134366925064 0.37142857142857144 0.03837209302325581 0.03857142857142857 
3 0.4909560723514212 0.3155844155844156 0.03837209302325581 0.03857142857142857 
3 0.8527131782945736 0.32987012987012987 0.03837209302325581 0.03857142857142857 
3 0.7351421188630491 0.05584415584415584 0.03837209302325581 0.03857142857142857 
3 0.479328165374677 0.7389610389610389 0.03837209302325581 0.03857142857142857 
3 0.15762273901808785 0.9038961038961039 0.03837209302325581 0.03857142857142857 
3 0.627906976744186 0.15714285714285714 0.03837209302325581 0.03857142857142857 
3 0.08656330749354005 0.45714285714285713 0.03837209302325581 0.03857142857142857 
3 0.8410852713178295 0.02077922077922078 0.03837209302325581 0.03857142857142857 
3 0.43023255813953487 0.9623376623376624 0.03837209302325581 0.03857142857142857 
3 0.20284237726098192 0.35844155844155845 0.03837209302325581 0.03857142857142857 
3 0.7364341085271318 0.18831168831168832 0.03837209302325581 0.03857142857142857 
3 0.8074935400516796 0.8974025974025974 0.03837209302325581 0.03857142857142857 
3 0.30103359173126615 0.8025974025974026 0.03837209302325581 0.03857142857142857 
3 0.6408268733850129 0.6324675324675325 0.03837209302325581 0.03857142857142857 
3 0.7971576227390181 0.7246753246753247 0.03837209302325581 0.03857142857142857 
3 0.46124031007751937 0.4805194805194805 0.03837209302325581 0.03857142857142857 
3 0.3165374677002584 0.7753246753246753 0.03837209302325581 0.03857142857142857 
3 0.20930232558139536 0.7168831168831169 0.03837209302325581 0.03857142857142857 
3 0.5129198966408268 0.03896103896103896 0.03837209302325581 0.03857142857142857 
3 0.46124031007751937 0.17792207792207793 0.03837209302325581 0.03857142857142857 
3 0.3953488372093023 0.15714285714285714 0.03837209302325581 0.03857142857142857 
3 0.330749354005168 0.42207792207792205 0.03837209302325581 0.03857142857142857 
3 0.5878552971576227 0.45714285714285713 0.03837209302325581 0.03857142857142857 
3 0.8746770025839793 0.2883116883116883 0.03837209302325581 0.03857142857142857 
3 0.9211886304909561 0.2753246753246753 0.03837209302325581 0.03857142857142857 
3 0.7325581395348837 0.38701298701298703 0.03837209302325581 0.03857142857142857 
3 0.39018087855297157 0.5792207792207792 0.03837209302325581 0.03857142857142857 
3 0.24160206718346253 0.9584415584415584 0.03837209302325581 0.03857142857142857 
3 0.04521963824289406 0.5311688311688312 0.03837209302325581 0.03857142857142857 
3 0.3087855297157623 0.6402597402597403 0.03837209302325581 0.03857142857142857 
3 0.8772609819121447 0.11558441558441558 0.03837209302325581 0.03857142857142857 
3 0.8436692506459949 0.2675324675324675 0.03837209302325581 0.03857142857142857 
3 0.06201550387596899 0.07922077922077922 0.03837209302325581 0.03857142857142857 
3 0.541343669250646 0.16103896103896104 0.03837209302325581 0.03857142857142857 
3 0.3578811369509044 0.3246753246753247 0.03837209302325581 0.03857142857142857 
3 0.5762273901808785 0.18311688311688312 0.03837209302325581 0.03857142857142857 
3 0.1834625322997416 0.36493506493506495 0.03837209302325581 0.03857142857142857 
3 0.7067183462532299 0.45714285714285713 0.03837209302325581 0.03857142857142857 
3 0.4870801033591731 0.6064935064935065 0.03837209302325581 0.03857142857142857 
3 0.6963824289405685 0.7649350649350649 0.03837209302325581 0.03857142857142857 
3 0.7545219638242894 0.551948051948052 0.03837209302325581 0.03857142857142857 
3 0.4870801033591731 0.5597402597402598 0.03837209302325581 0.03857142857142857 
3 0.2622739018087855 0.7805194805194805 0.03837209302325581 0.03857142857142857 
3 0.24289405684754523 0.43766233766233764 0.03837209302325581 0.03857142857142857 
3 0.4483204134366925 0.19220779220779222 0.03837209302325581 0.03857142857142857 
3 0.6989664082687338 0.8441558441558441 0.03837209302325581 0.03857142857142857 
3 0.8087855297157622 0.6168831168831169 0.03837209302325581 0.03857142857142857 
3 0.7842377260981912 0.33246753246753247 0.03837209302325581 0.03857142857142857 
3 0.082687338501292 0.7974025974025974 0.03837209302325581 0.03857142857142857 
3 0.3979328165374677 0.5272727272727272 0.03837209302325581 0.03857142857142857 
3 0.7932816537467701 0.9207792207792208 0.03837209302325581 0.03857142857142857 
3 0.6162790697674418 0.8922077922077922 0.03837209302325581 0.03857142857142857 
3 0.09819121447028424 0.16493506493506493 0.03837209302325581 0.03857142857142857 
3 0.4315245478036176 0.8571428571428571 0.03837209302325581 0.03857142857142857 
3 0.46770025839793283 0.01948051948051948 0.03837209302325581 0.03857142857142857 
3 0.8772609819121447 0.6675324675324675 0.03837209302325581 0.03857142857142857 
3 0.7803617571059431 0.12077922077922078 0.03837209302325581 0.03857142857142857 
3 0.9470284237726099 0.5766233766233766 0.03837209302325581 0.03857142857142857 
3 0.8087855297157622 0.5831168831168831 0.03837209302325581 0.03857142857142857 
3 0.41214470284237725 0.07532467532467532 0.03837209302325581 0.03857142857142857 
3 0.6434108527131783 0.8818181818181818 0.03837209302325581 0.03857142857142857 
3 0.4974160206718346 0.5155844155844156 0.03837209302325581 0.03857142857142857 
3 0.5968992248062015 0.8571428571428571 0.03837209302325581 0.03857142857142857 
3 0.3372093023255814 0.8324675324675325 0.03837209302325581 0.03857142857142857 
3 0.23255813953488372 0.6363636363636364 0.03837209302325581 0.03857142857142857 
