1 0.91343669250646 0.5987012987012987 0.046899224806201546 0.04714285714285714 
1 0.896640826873385 0.9571428571428572 0.046899224806201546 0.04714285714285714 
1 0.5891472868217055 0.9701298701298702 0.046899224806201546 0.04714285714285714 
1 0.5658914728682171 0.6038961038961039 0.046899224806201546 0.04714285714285714 
1 0.22739018087855298 0.5584415584415584 0.046899224806201546 0.04714285714285714 
1 0.624031007751938 0.02727272727272727 0.046899224806201546 0.04714285714285714 
1 0.1524547803617571 0.19350649350649352 0.046899224806201546 0.04714285714285714 
1 0.8953488372093024 0.19090909090909092 0.046899224806201546 0.04714285714285714 
1 0.8010335917312662 0.18441558441558442 0.046899224806201546 0.04714285714285714 
1 0.9198966408268734 0.625974025974026 0.046899224806201546 0.04714285714285714 
1 0.9043927648578811 0.7805194805194805 0.046899224806201546 0.04714285714285714 
1 0.6782945736434108 0.38181818181818183 0.046899224806201546 0.04714285714285714 
1 0.8397932816537468 0.36493506493506495 0.046899224806201546 0.04714285714285714 
1 0.7571059431524548 0.8948051948051948 0.046899224806201546 0.04714285714285714 
1 0.39276485788113696 0.23636363636363636 0.046899224806201546 0.04714285714285714 
1 0.4160206718346253 0.6051948051948052 0.046899224806201546 0.04714285714285714 
1 0.4392764857881137 0.34025974025974026 0.046899224806201546 0.04714285714285714 
1 0.2131782945736434 0.5623376623376624 0.046899224806201546 0.04714285714285714 
1 0.9444444444444444 0.24545454545454545 0.046899224806201546 0.04714285714285714 
1 0.4689922480620155 0.9688311688311688 0.046899224806201546 0.04714285714285714 
1 0.8927648578811369 0.7233766233766233 0.046899224806201546 0.04714285714285714 
1 0.1731266149870801 0.13506493506493505 0.046899224806201546 0.04714285714285714 
1 0.9160206718346253 0.15454545454545454 0.046899224806201546 0.04714285714285714 
1 0.14599483204134367 0.6805194805194805 0.046899224806201546 0.04714285714285714 
1 0.9806201550387597 0.01948051948051948 0.046899224806201546 0.04714285714285714 
1 0.6098191214470284 0.638961038961039 0.046899224806201546 0.04714285714285714 
1 0.6369509043927648 0.2662337662337662 0.046899224806201546 0.04714285714285714 
1 0.20930232558139536 0.7194805194805195 0.046899224806201546 0.04714285714285714 
1 0.14857881136950904 0.7545454545454545 0.046899224806201546 0.04714285714285714 
1 0.5490956072351422 0.05454545454545454 0.046899224806201546 0.04714285714285714 
1 0.44573643410852715 0.42727272727272725 0.046899224806201546 0.04714285714285714 
1 0.4599483204134367 0.8753246753246753 0.046899224806201546 0.04714285714285714 
1 0.6408268733850129 0.935064935064935 0.046899224806201546 0.04714285714285714 
1 0.6214470284237726 0.4064935064935065 0.046899224806201546 0.04714285714285714 
1 0.313953488372093 0.3220779220779221 0.046899224806201546 0.04714285714285714 
1 0.5361757105943152 0.5662337662337662 0.046899224806201546 0.04714285714285714 
1 0.2222222222222222 0.5402597402597402 0.046899224806201546 0.04714285714285714 
1 0.0917312661498708 0.2779220779220779 0.046899224806201546 0.04714285714285714 
1 0.35658914728682173 0.12857142857142856 0.046899224806201546 0.04714285714285714 
1 0.23126614987080105 0.8987012987012987 0.046899224806201546 0.04714285714285714 
1 0.028423772609819122 0.18311688311688312 0.046899224806201546 0.04714285714285714 
1 0.09819121447028424 0.5376623376623376 0.046899224806201546 0.04714285714285714 
1 0.28165374677002586 0.9155844155844156 0.046899224806201546 0.04714285714285714 
1 0.12790697674418605 0.7597402597402597 0.046899224806201546 0.04714285714285714 
1 0.5762273901808785 0.42077922077922075 0.046899224806201546 0.04714285714285714 
1 0.28552971576227393 0.2688311688311688 0.046899224806201546 0.04714285714285714 
1 0.813953488372093 0.33376623376623377 0.046899224806201546 0.04714285714285714 
1 0.524547803617571 0.03896103896103896 0.046899224806201546 0.04714285714285714 
1 0.3992248062015504 0.2662337662337662 0.046899224806201546 0.04714285714285714 
1 0.3785529715762274 0.412987012987013 0.046899224806201546 0.04714285714285714 
1 0.8307493540051679 0.14545454545454545 0.046899224806201546 0.04714285714285714 
1 0.20801033591731266 0.4142857142857143 0.046899224806201546 0.04714285714285714 
1 0.9031007751937985 0.24285714285714285 0.046899224806201546 0.04714285714285714 
1 0.35400516795865633 0.5051948051948052 0.046899224806201546 0.04714285714285714 
1 0.3475452196382429 0.04285714285714286 0.046899224806201546 0.04714285714285714 
1 0.8979328165374677 0.7818181818181819 0.046899224806201546 0.04714285714285714 
1 0.7054263565891473 0.16623376623376623 0.046899224806201546 0.04714285714285714 
1 0.7842377260981912 0.8974025974025974 0.046899224806201546 0.04714285714285714 
1 0.9289405684754521 0.874025974025974 0.046899224806201546 0.04714285714285714 
1 0.4392764857881137 0.7103896103896103 0.046899224806201546 0.04714285714285714 
1 0.3708010335917313 0.6519480519480519 0.046899224806201546 0.04714285714285714 
1 0.06847545219638243 0.2012987012987013 0.046899224806201546 0.04714285714285714 
1 0.47674418604651164 0.19350649350649352 0.046899224806201546 0.04714285714285714 
1 0.8552971576227391 0.12987012987012986 0.046899224806201546 0.04714285714285714 
1 0.19638242894056848 0.9207792207792208 0.046899224806201546 0.04714285714285714 
1 0.26744186046511625 0.5324675324675324 0.046899224806201546 0.04714285714285714 
1 0.2144702842377261 0.9311688311688312 0.046899224806201546 0.04714285714285714 
1 0.4728682170542636 0.535064935064935 0.046899224806201546 0.04714285714285714 
1 0.28811369509043927 0.23636363636363636 0.046899224806201546 0.04714285714285714 
