8 0.027131782945736434 0.02857142857142857 0.026873385012919897 0.027012987012987013 
8 0.07235142118863049 0.02077922077922078 0.026873385012919897 0.027012987012987013 
8 0.16020671834625322 0.023376623376623377 0.026873385012919897 0.027012987012987013 
8 0.23772609819121446 0.04415584415584416 0.026873385012919897 0.027012987012987013 
8 0.4599483204134367 0.12727272727272726 0.026873385012919897 0.027012987012987013 
8 0.6046511627906976 0.24285714285714285 0.026873385012919897 0.027012987012987013 
8 0.6976744186046512 0.35844155844155845 0.026873385012919897 0.027012987012987013 
8 0.7390180878552972 0.42727272727272725 0.026873385012919897 0.027012987012987013 
8 0.8126614987080103 0.5545454545454546 0.026873385012919897 0.027012987012987013 
8 0.9250645994832042 0.8038961038961039 0.026873385012919897 0.027012987012987013 
