7 0.01808785529715762 0.3168831168831169 0.04121447028423773 0.041428571428571426 
7 0.06201550387596899 0.7350649350649351 0.04121447028423773 0.041428571428571426 
7 0.12919896640826872 0.5558441558441558 0.04121447028423773 0.041428571428571426 
7 0.15374677002583978 0.5948051948051948 0.04121447028423773 0.041428571428571426 
7 0.17700258397932817 0.4935064935064935 0.04121447028423773 0.041428571428571426 
7 0.2648578811369509 0.5051948051948052 0.04121447028423773 0.041428571428571426 
7 0.29844961240310075 0.4012987012987013 0.04121447028423773 0.041428571428571426 
7 0.3178294573643411 0.2987012987012987 0.04121447028423773 0.041428571428571426 
7 0.5594315245478036 0.5428571428571428 0.04121447028423773 0.041428571428571426 
7 0.6757105943152455 0.5532467532467532 0.04121447028423773 0.041428571428571426 
7 0.8255813953488372 0.7077922077922078 0.04121447028423773 0.041428571428571426 
7 0.8410852713178295 0.5714285714285714 0.04121447028423773 0.041428571428571426 
7 0.8591731266149871 0.6311688311688312 0.04121447028423773 0.041428571428571426 
7 0.9031007751937985 0.22727272727272727 0.04121447028423773 0.041428571428571426 
7 0.9224806201550387 0.512987012987013 0.04121447028423773 0.041428571428571426 
