8 0.01808785529715762 0.4831168831168831 0.031007751937984496 0.03116883116883117 
8 0.10077519379844961 0.01948051948051948 0.031007751937984496 0.03116883116883117 
8 0.20155038759689922 0.18961038961038962 0.031007751937984496 0.03116883116883117 
8 0.29328165374677 0.24545454545454545 0.031007751937984496 0.03116883116883117 
8 0.3953488372093023 0.3220779220779221 0.031007751937984496 0.03116883116883117 
8 0.4289405684754522 0.4805194805194805 0.031007751937984496 0.03116883116883117 
8 0.4728682170542636 0.7025974025974026 0.031007751937984496 0.03116883116883117 
8 0.5503875968992248 0.45064935064935063 0.031007751937984496 0.03116883116883117 
8 0.5839793281653747 0.5272727272727272 0.031007751937984496 0.03116883116883117 
8 0.627906976744186 0.24415584415584415 0.031007751937984496 0.03116883116883117 
8 0.7093023255813954 0.43376623376623374 0.031007751937984496 0.03116883116883117 
8 0.7635658914728682 0.5337662337662338 0.031007751937984496 0.03116883116883117 
8 0.8501291989664083 0.44025974025974024 0.031007751937984496 0.03116883116883117 
8 0.9470284237726099 0.2753246753246753 0.031007751937984496 0.03116883116883117 
