3 0.01808785529715762 0.6909090909090909 0.02984496124031008 0.030000000000000002 
3 0.09043927648578812 0.43506493506493504 0.02984496124031008 0.030000000000000002 
3 0.23126614987080105 0.16103896103896104 0.02984496124031008 0.030000000000000002 
3 0.3178294573643411 0.37012987012987014 0.02984496124031008 0.030000000000000002 
3 0.33204134366925064 0.4623376623376623 0.02984496124031008 0.030000000000000002 
3 0.4005167958656331 0.44285714285714284 0.02984496124031008 0.030000000000000002 
3 0.4483204134366925 0.45454545454545453 0.02984496124031008 0.030000000000000002 
3 0.4870801033591731 0.535064935064935 0.02984496124031008 0.030000000000000002 
3 0.6317829457364341 0.7116883116883117 0.02984496124031008 0.030000000000000002 
3 0.6757105943152455 0.44675324675324674 0.02984496124031008 0.030000000000000002 
3 0.9418604651162791 0.5376623376623376 0.02984496124031008 0.030000000000000002 
3 0.9612403100775194 0.6116883116883117 0.02984496124031008 0.030000000000000002 
