1 0.7390180878552972 0.2532467532467532 0.0355297157622739 0.03571428571428571 
1 0.5361757105943152 0.5727272727272728 0.0355297157622739 0.03571428571428571 
1 0.1343669250645995 0.2584415584415584 0.0355297157622739 0.03571428571428571 
1 0.9689922480620154 0.22987012987012986 0.0355297157622739 0.03571428571428571 
1 0.962532299741602 0.4675324675324675 0.0355297157622739 0.03571428571428571 
1 0.6291989664082688 0.5051948051948052 0.0355297157622739 0.03571428571428571 
1 0.07751937984496124 0.6311688311688312 0.0355297157622739 0.03571428571428571 
1 0.3385012919896641 0.39090909090909093 0.0355297157622739 0.03571428571428571 
1 0.537467700258398 0.7636363636363637 0.0355297157622739 0.03571428571428571 
1 0.5852713178294574 0.6623376623376623 0.0355297157622739 0.03571428571428571 
1 0.056847545219638244 0.23116883116883116 0.0355297157622739 0.03571428571428571 
1 0.05813953488372093 0.05844155844155844 0.0355297157622739 0.03571428571428571 
1 0.8669250645994832 0.5909090909090909 0.0355297157622739 0.03571428571428571 
1 0.18992248062015504 0.7922077922077922 0.0355297157622739 0.03571428571428571 
1 0.599483204134367 0.4701298701298701 0.0355297157622739 0.03571428571428571 
1 0.48578811369509045 0.9597402597402598 0.0355297157622739 0.03571428571428571 
1 0.3178294573643411 0.7675324675324675 0.0355297157622739 0.03571428571428571 
1 0.26098191214470284 0.38051948051948054 0.0355297157622739 0.03571428571428571 
1 0.3785529715762274 0.4792207792207792 0.0355297157622739 0.03571428571428571 
1 0.09302325581395349 0.15064935064935064 0.0355297157622739 0.03571428571428571 
1 0.3385012919896641 0.42727272727272725 0.0355297157622739 0.03571428571428571 
1 0.9806201550387597 0.561038961038961 0.0355297157622739 0.03571428571428571 
1 0.7622739018087855 0.6285714285714286 0.0355297157622739 0.03571428571428571 
1 0.2454780361757106 0.948051948051948 0.0355297157622739 0.03571428571428571 
1 0.9470284237726099 0.4649350649350649 0.0355297157622739 0.03571428571428571 
1 0.9224806201550387 0.7311688311688311 0.0355297157622739 0.03571428571428571 
1 0.8462532299741602 0.4662337662337662 0.0355297157622739 0.03571428571428571 
1 0.5710594315245479 0.32857142857142857 0.0355297157622739 0.03571428571428571 
1 0.8113695090439277 0.11428571428571428 0.0355297157622739 0.03571428571428571 
1 0.5025839793281653 0.8714285714285714 0.0355297157622739 0.03571428571428571 
1 0.8488372093023255 0.24415584415584415 0.0355297157622739 0.03571428571428571 
1 0.04263565891472868 0.19220779220779222 0.0355297157622739 0.03571428571428571 
1 0.3785529715762274 0.09090909090909091 0.0355297157622739 0.03571428571428571 
1 0.8178294573643411 0.3181818181818182 0.0355297157622739 0.03571428571428571 
1 0.031007751937984496 0.6233766233766234 0.0355297157622739 0.03571428571428571 
1 0.8397932816537468 0.01948051948051948 0.0355297157622739 0.03571428571428571 
1 0.9728682170542635 0.36493506493506495 0.0355297157622739 0.03571428571428571 
1 0.4160206718346253 0.2 0.0355297157622739 0.03571428571428571 
1 0.6886304909560723 0.15714285714285714 0.0355297157622739 0.03571428571428571 
1 0.1821705426356589 0.14415584415584415 0.0355297157622739 0.03571428571428571 
1 0.8255813953488372 0.5 0.0355297157622739 0.03571428571428571 
1 0.16020671834625322 0.9194805194805195 0.0355297157622739 0.03571428571428571 
1 0.9341085271317829 0.3103896103896104 0.0355297157622739 0.03571428571428571 
1 0.09431524547803617 0.34285714285714286 0.0355297157622739 0.03571428571428571 
1 0.14987080103359174 0.2792207792207792 0.0355297157622739 0.03571428571428571 
1 0.45219638242894056 0.7662337662337663 0.0355297157622739 0.03571428571428571 
1 0.31912144702842377 0.4753246753246753 0.0355297157622739 0.03571428571428571 
1 0.6821705426356589 0.9116883116883117 0.0355297157622739 0.03571428571428571 
1 0.5788113695090439 0.14675324675324675 0.0355297157622739 0.03571428571428571 
1 0.937984496124031 0.6935064935064935 0.0355297157622739 0.03571428571428571 
1 0.7532299741602068 0.6181818181818182 0.0355297157622739 0.03571428571428571 
1 0.17054263565891473 0.7818181818181819 0.0355297157622739 0.03571428571428571 
1 0.3397932816537468 0.638961038961039 0.0355297157622739 0.03571428571428571 
1 0.5542635658914729 0.05064935064935065 0.0355297157622739 0.03571428571428571 
1 0.7777777777777778 0.4012987012987013 0.0355297157622739 0.03571428571428571 
1 0.27906976744186046 0.22597402597402597 0.0355297157622739 0.03571428571428571 
1 0.8552971576227391 0.7779220779220779 0.0355297157622739 0.03571428571428571 
1 0.5891472868217055 0.22597402597402597 0.0355297157622739 0.03571428571428571 
1 0.1434108527131783 0.32597402597402597 0.0355297157622739 0.03571428571428571 
1 0.8656330749354005 0.7337662337662337 0.0355297157622739 0.03571428571428571 
1 0.4108527131782946 0.45194805194805193 0.0355297157622739 0.03571428571428571 
1 0.2661498708010336 0.24415584415584415 0.0355297157622739 0.03571428571428571 
1 0.9547803617571059 0.32987012987012987 0.0355297157622739 0.03571428571428571 
1 0.46124031007751937 0.07402597402597402 0.0355297157622739 0.03571428571428571 
1 0.7868217054263565 0.8428571428571429 0.0355297157622739 0.03571428571428571 
1 0.38242894056847543 0.4987012987012987 0.0355297157622739 0.03571428571428571 
