6 0.8824289405684754 0.5558441558441558 0.02790697674418605 0.028051948051948054 
6 0.8462532299741602 0.6532467532467533 0.02790697674418605 0.028051948051948054 
6 0.7596899224806202 0.6376623376623377 0.02790697674418605 0.028051948051948054 
6 0.7751937984496124 0.43376623376623374 0.02790697674418605 0.028051948051948054 
6 0.8591731266149871 0.5493506493506494 0.02790697674418605 0.028051948051948054 
6 0.6602067183462532 0.638961038961039 0.02790697674418605 0.028051948051948054 
6 0.6330749354005168 0.6064935064935065 0.02790697674418605 0.028051948051948054 
6 0.7377260981912145 0.6974025974025974 0.02790697674418605 0.028051948051948054 
6 0.8204134366925064 0.5805194805194805 0.02790697674418605 0.028051948051948054 
6 0.7351421188630491 0.5974025974025974 0.02790697674418605 0.028051948051948054 
6 0.6989664082687338 0.7922077922077922 0.02790697674418605 0.028051948051948054 
6 0.6692506459948321 0.825974025974026 0.02790697674418605 0.028051948051948054 
6 0.6382428940568475 0.8766233766233766 0.02790697674418605 0.028051948051948054 
6 0.7118863049095607 0.6610389610389611 0.02790697674418605 0.028051948051948054 
6 0.6317829457364341 0.6766233766233766 0.02790697674418605 0.028051948051948054 
6 0.5981912144702842 0.7623376623376623 0.02790697674418605 0.028051948051948054 
6 0.4702842377260982 0.8142857142857143 0.02790697674418605 0.028051948051948054 
6 0.5658914728682171 0.7727272727272727 0.02790697674418605 0.028051948051948054 
6 0.7196382428940569 0.9805194805194806 0.02790697674418605 0.028051948051948054 
6 0.5878552971576227 0.8961038961038961 0.02790697674418605 0.028051948051948054 
6 0.47416020671834624 0.9038961038961039 0.02790697674418605 0.028051948051948054 
6 0.48320413436692505 0.7441558441558441 0.02790697674418605 0.028051948051948054 
6 0.33204134366925064 0.9363636363636364 0.02790697674418605 0.028051948051948054 
6 0.29328165374677 0.8922077922077922 0.02790697674418605 0.028051948051948054 
6 0.40310077519379844 0.9675324675324676 0.02790697674418605 0.028051948051948054 
6 0.4405684754521964 0.6467532467532467 0.02790697674418605 0.028051948051948054 
6 0.5284237726098191 0.512987012987013 0.02790697674418605 0.028051948051948054 
6 0.479328165374677 0.4116883116883117 0.02790697674418605 0.028051948051948054 
6 0.48578811369509045 0.35714285714285715 0.02790697674418605 0.028051948051948054 
6 0.3423772609819121 0.24285714285714285 0.02790697674418605 0.028051948051948054 
6 0.14082687338501293 0.14675324675324675 0.02790697674418605 0.028051948051948054 
6 0.18992248062015504 0.32727272727272727 0.02790697674418605 0.028051948051948054 
6 0.01808785529715762 0.2948051948051948 0.02790697674418605 0.028051948051948054 
6 0.14857881136950904 0.23506493506493506 0.02790697674418605 0.028051948051948054 
6 0.22739018087855298 0.21168831168831168 0.02790697674418605 0.028051948051948054 
6 0.30361757105943155 0.01948051948051948 0.02790697674418605 0.028051948051948054 
6 0.15633074935400518 0.2532467532467532 0.02790697674418605 0.028051948051948054 
6 0.2054263565891473 0.23766233766233766 0.02790697674418605 0.028051948051948054 
6 0.3682170542635659 0.522077922077922 0.02790697674418605 0.028051948051948054 
