0 0.3268733850129199 0.1961038961038961 0.026834625322997414 0.026974025974025973 
0 0.25839793281653745 0.01948051948051948 0.026834625322997414 0.026974025974025973 
0 0.16925064599483206 0.06103896103896104 0.026834625322997414 0.026974025974025973 
0 0.2558139534883721 0.22857142857142856 0.026834625322997414 0.026974025974025973 
0 0.13565891472868216 0.2532467532467532 0.026834625322997414 0.026974025974025973 
0 0.01808785529715762 0.22857142857142856 0.026834625322997414 0.026974025974025973 
0 0.1847545219638243 0.2714285714285714 0.026834625322997414 0.026974025974025973 
0 0.08914728682170543 0.1961038961038961 0.026834625322997414 0.026974025974025973 
0 0.08397932816537468 0.23116883116883116 0.026834625322997414 0.026974025974025973 
0 0.14082687338501293 0.21428571428571427 0.026834625322997414 0.026974025974025973 
0 0.1124031007751938 0.32857142857142857 0.026834625322997414 0.026974025974025973 
0 0.19509043927648578 0.37662337662337664 0.026834625322997414 0.026974025974025973 
0 0.18087855297157623 0.22337662337662337 0.026834625322997414 0.026974025974025973 
0 0.2648578811369509 0.18961038961038962 0.026834625322997414 0.026974025974025973 
0 0.2958656330749354 0.3246753246753247 0.026834625322997414 0.026974025974025973 
0 0.3423772609819121 0.5506493506493506 0.026834625322997414 0.026974025974025973 
0 0.32170542635658916 0.45584415584415583 0.026834625322997414 0.026974025974025973 
0 0.2751937984496124 0.5467532467532468 0.026834625322997414 0.026974025974025973 
0 0.29844961240310075 0.5272727272727272 0.026834625322997414 0.026974025974025973 
0 0.3023255813953488 0.6285714285714286 0.026834625322997414 0.026974025974025973 
0 0.35012919896640826 0.5376623376623376 0.026834625322997414 0.026974025974025973 
0 0.42118863049095606 0.5025974025974026 0.026834625322997414 0.026974025974025973 
0 0.3785529715762274 0.6168831168831169 0.026834625322997414 0.026974025974025973 
0 0.31912144702842377 0.6493506493506493 0.026834625322997414 0.026974025974025973 
0 0.31912144702842377 0.7454545454545455 0.026834625322997414 0.026974025974025973 
0 0.37467700258397935 0.7792207792207793 0.026834625322997414 0.026974025974025973 
0 0.36563307493540054 0.8025974025974026 0.026834625322997414 0.026974025974025973 
0 0.40568475452196384 0.7935064935064935 0.026834625322997414 0.026974025974025973 
0 0.5025839793281653 0.8038961038961039 0.026834625322997414 0.026974025974025973 
0 0.6330749354005168 0.5558441558441558 0.026834625322997414 0.026974025974025973 
0 0.710594315245478 0.6376623376623377 0.026834625322997414 0.026974025974025973 
0 0.8695090439276486 0.7090909090909091 0.026834625322997414 0.026974025974025973 
0 0.9806201550387597 0.9376623376623376 0.026834625322997414 0.026974025974025973 
0 0.7997416020671835 0.9805194805194806 0.026834625322997414 0.026974025974025973 
0 0.7467700258397932 0.9051948051948052 0.026834625322997414 0.026974025974025973 
