5 0.01808785529715762 0.38571428571428573 0.04121447028423773 0.041428571428571426 
5 0.12403100775193798 0.7233766233766233 0.04121447028423773 0.041428571428571426 
5 0.15374677002583978 0.5675324675324676 0.04121447028423773 0.041428571428571426 
5 0.25064599483204136 0.9597402597402598 0.04121447028423773 0.041428571428571426 
5 0.31266149870801035 0.2558441558441558 0.04121447028423773 0.041428571428571426 
5 0.39018087855297157 0.6311688311688312 0.04121447028423773 0.041428571428571426 
5 0.5012919896640827 0.38571428571428573 0.04121447028423773 0.041428571428571426 
5 0.5503875968992248 0.2818181818181818 0.04121447028423773 0.041428571428571426 
5 0.7002583979328165 0.5818181818181818 0.04121447028423773 0.041428571428571426 
5 0.7390180878552972 0.7818181818181819 0.04121447028423773 0.041428571428571426 
5 0.7971576227390181 0.43116883116883115 0.04121447028423773 0.041428571428571426 
5 0.9082687338501292 0.23376623376623376 0.04121447028423773 0.041428571428571426 
5 0.9664082687338501 0.42077922077922075 0.04121447028423773 0.041428571428571426 
