4 0.8617571059431525 0.5792207792207792 0.03695090439276486 0.037142857142857144 
4 0.7816537467700259 0.8415584415584415 0.03695090439276486 0.037142857142857144 
4 0.9198966408268734 0.6 0.03695090439276486 0.037142857142857144 
4 0.2596899224806202 0.06103896103896104 0.03695090439276486 0.037142857142857144 
4 0.03229974160206718 0.4831168831168831 0.03695090439276486 0.037142857142857144 
4 0.8927648578811369 0.45454545454545453 0.03695090439276486 0.037142857142857144 
4 0.5090439276485789 0.7064935064935065 0.03695090439276486 0.037142857142857144 
4 0.43281653746770027 0.43376623376623374 0.03695090439276486 0.037142857142857144 
4 0.8682170542635659 0.04285714285714286 0.03695090439276486 0.037142857142857144 
4 0.09560723514211886 0.14935064935064934 0.03695090439276486 0.037142857142857144 
4 0.5956072351421189 0.9038961038961039 0.03695090439276486 0.037142857142857144 
4 0.4095607235142119 0.5272727272727272 0.03695090439276486 0.037142857142857144 
4 0.2661498708010336 0.912987012987013 0.03695090439276486 0.037142857142857144 
4 0.5671834625322998 0.7233766233766233 0.03695090439276486 0.037142857142857144 
4 0.5697674418604651 0.09610389610389611 0.03695090439276486 0.037142857142857144 
4 0.7157622739018088 0.6662337662337663 0.03695090439276486 0.037142857142857144 
4 0.46382428940568476 0.6961038961038961 0.03695090439276486 0.037142857142857144 
4 0.04392764857881137 0.6597402597402597 0.03695090439276486 0.037142857142857144 
4 0.03617571059431524 0.7844155844155845 0.03695090439276486 0.037142857142857144 
4 0.3643410852713178 0.42987012987012985 0.03695090439276486 0.037142857142857144 
4 0.6447028423772609 0.8142857142857143 0.03695090439276486 0.037142857142857144 
4 0.5490956072351422 0.6636363636363637 0.03695090439276486 0.037142857142857144 
4 0.9509043927648578 0.20909090909090908 0.03695090439276486 0.037142857142857144 
4 0.23126614987080105 0.6987012987012987 0.03695090439276486 0.037142857142857144 
4 0.9560723514211886 0.7779220779220779 0.03695090439276486 0.037142857142857144 
4 0.8565891472868217 0.9311688311688312 0.03695090439276486 0.037142857142857144 
4 0.624031007751938 0.17532467532467533 0.03695090439276486 0.037142857142857144 
4 0.834625322997416 0.512987012987013 0.03695090439276486 0.037142857142857144 
4 0.2454780361757106 0.3051948051948052 0.03695090439276486 0.037142857142857144 
4 0.6718346253229974 0.5376623376623376 0.03695090439276486 0.037142857142857144 
4 0.4405684754521964 0.34025974025974026 0.03695090439276486 0.037142857142857144 
4 0.2751937984496124 0.18701298701298702 0.03695090439276486 0.037142857142857144 
4 0.48578811369509045 0.11168831168831168 0.03695090439276486 0.037142857142857144 
4 0.46770025839793283 0.6883116883116883 0.03695090439276486 0.037142857142857144 
4 0.24031007751937986 0.21038961038961038 0.03695090439276486 0.037142857142857144 
4 0.10594315245478036 0.5103896103896104 0.03695090439276486 0.037142857142857144 
4 0.6705426356589147 0.5285714285714286 0.03695090439276486 0.037142857142857144 
4 0.8746770025839793 0.7987012987012987 0.03695090439276486 0.037142857142857144 
4 0.2648578811369509 0.9532467532467532 0.03695090439276486 0.037142857142857144 
4 0.9806201550387597 0.9233766233766234 0.03695090439276486 0.037142857142857144 
4 0.1330749354005168 0.14935064935064934 0.03695090439276486 0.037142857142857144 
4 0.28811369509043927 0.7337662337662337 0.03695090439276486 0.037142857142857144 
4 0.6666666666666666 0.03116883116883117 0.03695090439276486 0.037142857142857144 
4 0.16795865633074936 0.07402597402597402 0.03695090439276486 0.037142857142857144 
4 0.7325581395348837 0.21038961038961038 0.03695090439276486 0.037142857142857144 
4 0.6666666666666666 0.43636363636363634 0.03695090439276486 0.037142857142857144 
4 0.45478036175710596 0.551948051948052 0.03695090439276486 0.037142857142857144 
4 0.8372093023255814 0.674025974025974 0.03695090439276486 0.037142857142857144 
4 0.48578811369509045 0.4831168831168831 0.03695090439276486 0.037142857142857144 
4 0.8049095607235142 0.08051948051948052 0.03695090439276486 0.037142857142857144 
4 0.5025839793281653 0.0987012987012987 0.03695090439276486 0.037142857142857144 
4 0.8979328165374677 0.35064935064935066 0.03695090439276486 0.037142857142857144 
4 0.15633074935400518 0.15194805194805194 0.03695090439276486 0.037142857142857144 
4 0.46511627906976744 0.6298701298701299 0.03695090439276486 0.037142857142857144 
4 0.9677002583979328 0.11298701298701298 0.03695090439276486 0.037142857142857144 
4 0.8604651162790697 0.13376623376623376 0.03695090439276486 0.037142857142857144 
4 0.9521963824289406 0.4922077922077922 0.03695090439276486 0.037142857142857144 
4 0.5503875968992248 0.01948051948051948 0.03695090439276486 0.037142857142857144 
4 0.9470284237726099 0.7948051948051948 0.03695090439276486 0.037142857142857144 
4 0.834625322997416 0.5532467532467532 0.03695090439276486 0.037142857142857144 
