7 0.01808785529715762 0.5025974025974026 0.046899224806201546 0.04714285714285714 
7 0.12015503875968993 0.18701298701298702 0.046899224806201546 0.04714285714285714 
7 0.15762273901808785 0.7480519480519481 0.046899224806201546 0.04714285714285714 
7 0.1821705426356589 0.4857142857142857 0.046899224806201546 0.04714285714285714 
7 0.20671834625322996 0.5428571428571428 0.046899224806201546 0.04714285714285714 
7 0.22609819121447028 0.2974025974025974 0.046899224806201546 0.04714285714285714 
7 0.3669250645994832 0.19350649350649352 0.046899224806201546 0.04714285714285714 
7 0.4005167958656331 0.13636363636363635 0.046899224806201546 0.04714285714285714 
7 0.5400516795865633 0.4961038961038961 0.046899224806201546 0.04714285714285714 
7 0.5645994832041343 0.5532467532467532 0.046899224806201546 0.04714285714285714 
7 0.5943152454780362 0.2922077922077922 0.046899224806201546 0.04714285714285714 
7 0.6175710594315246 0.4 0.046899224806201546 0.04714285714285714 
7 0.6472868217054264 0.19480519480519481 0.046899224806201546 0.04714285714285714 
7 0.7144702842377261 0.287012987012987 0.046899224806201546 0.04714285714285714 
7 0.7919896640826873 0.6974025974025974 0.046899224806201546 0.04714285714285714 
7 0.8979328165374677 0.3103896103896104 0.046899224806201546 0.04714285714285714 
7 0.9418604651162791 0.5857142857142857 0.046899224806201546 0.04714285714285714 
