5 0.710594315245478 0.1025974025974026 0.0454780361757106 0.04571428571428572 
5 0.9521963824289406 0.01948051948051948 0.0454780361757106 0.04571428571428572 
5 0.3953488372093023 0.35064935064935066 0.0454780361757106 0.04571428571428572 
5 0.05167958656330749 0.046753246753246755 0.0454780361757106 0.04571428571428572 
5 0.5348837209302325 0.8831168831168831 0.0454780361757106 0.04571428571428572 
5 0.26744186046511625 0.4857142857142857 0.0454780361757106 0.04571428571428572 
5 0.7881136950904393 0.8051948051948052 0.0454780361757106 0.04571428571428572 
5 0.9715762273901809 0.887012987012987 0.0454780361757106 0.04571428571428572 
5 0.39276485788113696 0.7441558441558441 0.0454780361757106 0.04571428571428572 
5 0.6227390180878553 0.6038961038961039 0.0454780361757106 0.04571428571428572 
5 0.5 0.4714285714285714 0.0454780361757106 0.04571428571428572 
5 0.7506459948320413 0.5155844155844156 0.0454780361757106 0.04571428571428572 
5 0.838501291989664 0.4662337662337662 0.0454780361757106 0.04571428571428572 
5 0.06976744186046512 0.36103896103896105 0.0454780361757106 0.04571428571428572 
5 0.32041343669250644 0.14155844155844155 0.0454780361757106 0.04571428571428572 
5 0.7454780361757106 0.7584415584415585 0.0454780361757106 0.04571428571428572 
5 0.2751937984496124 0.9077922077922078 0.0454780361757106 0.04571428571428572 
5 0.6291989664082688 0.9103896103896104 0.0454780361757106 0.04571428571428572 
5 0.268733850129199 0.6415584415584416 0.0454780361757106 0.04571428571428572 
5 0.4883720930232558 0.4922077922077922 0.0454780361757106 0.04571428571428572 
5 0.6059431524547804 0.23246753246753246 0.0454780361757106 0.04571428571428572 
5 0.5439276485788114 0.4662337662337662 0.0454780361757106 0.04571428571428572 
5 0.6640826873385013 0.17532467532467533 0.0454780361757106 0.04571428571428572 
5 0.5762273901808785 0.21688311688311687 0.0454780361757106 0.04571428571428572 
5 0.537467700258398 0.15844155844155844 0.0454780361757106 0.04571428571428572 
5 0.7635658914728682 0.7662337662337663 0.0454780361757106 0.04571428571428572 
5 0.6963824289405685 0.7324675324675325 0.0454780361757106 0.04571428571428572 
5 0.5335917312661499 0.14545454545454545 0.0454780361757106 0.04571428571428572 
5 0.05813953488372093 0.7896103896103897 0.0454780361757106 0.04571428571428572 
5 0.6963824289405685 0.8389610389610389 0.0454780361757106 0.04571428571428572 
5 0.5917312661498708 0.08961038961038961 0.0454780361757106 0.04571428571428572 
5 0.6085271317829457 0.35584415584415585 0.0454780361757106 0.04571428571428572 
5 0.5297157622739018 0.42077922077922075 0.0454780361757106 0.04571428571428572 
5 0.21705426356589147 0.6922077922077922 0.0454780361757106 0.04571428571428572 
5 0.4573643410852713 0.43766233766233764 0.0454780361757106 0.04571428571428572 
5 0.9470284237726099 0.04285714285714286 0.0454780361757106 0.04571428571428572 
5 0.7868217054263565 0.8922077922077922 0.0454780361757106 0.04571428571428572 
5 0.5258397932816538 0.8116883116883117 0.0454780361757106 0.04571428571428572 
5 0.9806201550387597 0.19220779220779222 0.0454780361757106 0.04571428571428572 
5 0.5129198966408268 0.41818181818181815 0.0454780361757106 0.04571428571428572 
5 0.8488372093023255 0.4805194805194805 0.0454780361757106 0.04571428571428572 
5 0.917312661498708 0.42597402597402595 0.0454780361757106 0.04571428571428572 
5 0.5310077519379846 0.4714285714285714 0.0454780361757106 0.04571428571428572 
5 0.3475452196382429 0.6519480519480519 0.0454780361757106 0.04571428571428572 
5 0.9677002583979328 0.5207792207792208 0.0454780361757106 0.04571428571428572 
5 0.8837209302325582 0.21038961038961038 0.0454780361757106 0.04571428571428572 
5 0.7635658914728682 0.6363636363636364 0.0454780361757106 0.04571428571428572 
5 0.11757105943152454 0.6818181818181818 0.0454780361757106 0.04571428571428572 
5 0.6757105943152455 0.7090909090909091 0.0454780361757106 0.04571428571428572 
5 0.4728682170542636 0.2883116883116883 0.0454780361757106 0.04571428571428572 
5 0.13824289405684753 0.9675324675324676 0.0454780361757106 0.04571428571428572 
5 0.6175710594315246 0.6493506493506493 0.0454780361757106 0.04571428571428572 
5 0.5684754521963824 0.551948051948052 0.0454780361757106 0.04571428571428572 
5 0.5232558139534884 0.5844155844155844 0.0454780361757106 0.04571428571428572 
5 0.2661498708010336 0.4038961038961039 0.0454780361757106 0.04571428571428572 
5 0.6498708010335917 0.5584415584415584 0.0454780361757106 0.04571428571428572 
5 0.9521963824289406 0.4662337662337662 0.0454780361757106 0.04571428571428572 
5 0.8798449612403101 0.37662337662337664 0.0454780361757106 0.04571428571428572 
5 0.5361757105943152 0.5545454545454546 0.0454780361757106 0.04571428571428572 
5 0.5594315245478036 0.5597402597402598 0.0454780361757106 0.04571428571428572 
5 0.520671834625323 0.7961038961038961 0.0454780361757106 0.04571428571428572 
5 0.7377260981912145 0.6155844155844156 0.0454780361757106 0.04571428571428572 
5 0.7416020671834626 0.8116883116883117 0.0454780361757106 0.04571428571428572 
5 0.8475452196382429 0.9272727272727272 0.0454780361757106 0.04571428571428572 
5 0.7713178294573644 0.2922077922077922 0.0454780361757106 0.04571428571428572 
5 0.8074935400516796 0.34285714285714286 0.0454780361757106 0.04571428571428572 
5 0.28165374677002586 0.08051948051948052 0.0454780361757106 0.04571428571428572 
5 0.23126614987080105 0.5597402597402598 0.0454780361757106 0.04571428571428572 
5 0.813953488372093 0.7987012987012987 0.0454780361757106 0.04571428571428572 
5 0.9405684754521964 0.09610389610389611 0.0454780361757106 0.04571428571428572 
5 0.33204134366925064 0.2558441558441558 0.0454780361757106 0.04571428571428572 
5 0.22739018087855298 0.5103896103896104 0.0454780361757106 0.04571428571428572 
5 0.8049095607235142 0.3142857142857143 0.0454780361757106 0.04571428571428572 
5 0.9715762273901809 0.24025974025974026 0.0454780361757106 0.04571428571428572 
5 0.05555555555555555 0.053246753246753244 0.0454780361757106 0.04571428571428572 
5 0.9496124031007752 0.6337662337662338 0.0454780361757106 0.04571428571428572 
