2 0.3385012919896641 0.7285714285714285 0.046899224806201546 0.04714285714285714 
2 0.24935400516795866 0.8428571428571429 0.046899224806201546 0.04714285714285714 
2 0.5348837209302325 0.4038961038961039 0.046899224806201546 0.04714285714285714 
2 0.28552971576227393 0.8103896103896104 0.046899224806201546 0.04714285714285714 
2 0.2467700258397933 0.37402597402597404 0.046899224806201546 0.04714285714285714 
2 0.4935400516795866 0.7896103896103897 0.046899224806201546 0.04714285714285714 
2 0.07364341085271318 0.09090909090909091 0.046899224806201546 0.04714285714285714 
2 0.13565891472868216 0.2948051948051948 0.046899224806201546 0.04714285714285714 
2 0.7945736434108527 0.04025974025974026 0.046899224806201546 0.04714285714285714 
2 0.24935400516795866 0.7506493506493507 0.046899224806201546 0.04714285714285714 
2 0.05167958656330749 0.35194805194805195 0.046899224806201546 0.04714285714285714 
2 0.1227390180878553 0.7818181818181819 0.046899224806201546 0.04714285714285714 
2 0.6188630490956072 0.7220779220779221 0.046899224806201546 0.04714285714285714 
2 0.6731266149870802 0.4987012987012987 0.046899224806201546 0.04714285714285714 
2 0.7338501291989664 0.6363636363636364 0.046899224806201546 0.04714285714285714 
2 0.25064599483204136 0.6935064935064935 0.046899224806201546 0.04714285714285714 
2 0.1847545219638243 0.6337662337662338 0.046899224806201546 0.04714285714285714 
2 0.9405684754521964 0.025974025974025976 0.046899224806201546 0.04714285714285714 
2 0.9043927648578811 0.4818181818181818 0.046899224806201546 0.04714285714285714 
2 0.39018087855297157 0.4090909090909091 0.046899224806201546 0.04714285714285714 
2 0.7260981912144703 0.5805194805194805 0.046899224806201546 0.04714285714285714 
2 0.5723514211886305 0.4805194805194805 0.046899224806201546 0.04714285714285714 
2 0.3953488372093023 0.21038961038961038 0.046899224806201546 0.04714285714285714 
2 0.7906976744186046 0.5831168831168831 0.046899224806201546 0.04714285714285714 
2 0.9056847545219638 0.4883116883116883 0.046899224806201546 0.04714285714285714 
2 0.479328165374677 0.36363636363636365 0.046899224806201546 0.04714285714285714 
2 0.8242894056847545 0.18961038961038962 0.046899224806201546 0.04714285714285714 
2 0.9573643410852714 0.18961038961038962 0.046899224806201546 0.04714285714285714 
2 0.9521963824289406 0.7415584415584415 0.046899224806201546 0.04714285714285714 
2 0.6692506459948321 0.8246753246753247 0.046899224806201546 0.04714285714285714 
2 0.7661498708010336 0.2 0.046899224806201546 0.04714285714285714 
2 0.14470284237726097 0.4090909090909091 0.046899224806201546 0.04714285714285714 
2 0.8294573643410853 0.01948051948051948 0.046899224806201546 0.04714285714285714 
2 0.6886304909560723 0.7961038961038961 0.046899224806201546 0.04714285714285714 
2 0.14728682170542637 0.8 0.046899224806201546 0.04714285714285714 
2 0.42506459948320413 0.9142857142857143 0.046899224806201546 0.04714285714285714 
2 0.962532299741602 0.1025974025974026 0.046899224806201546 0.04714285714285714 
2 0.9276485788113695 0.5181818181818182 0.046899224806201546 0.04714285714285714 
2 0.4418604651162791 0.612987012987013 0.046899224806201546 0.04714285714285714 
2 0.5142118863049095 0.16493506493506493 0.046899224806201546 0.04714285714285714 
2 0.4909560723514212 0.3142857142857143 0.046899224806201546 0.04714285714285714 
2 0.8436692506459949 0.5753246753246753 0.046899224806201546 0.04714285714285714 
2 0.5284237726098191 0.8194805194805195 0.046899224806201546 0.04714285714285714 
2 0.9806201550387597 0.9168831168831169 0.046899224806201546 0.04714285714285714 
2 0.8165374677002584 0.8506493506493507 0.046899224806201546 0.04714285714285714 
2 0.4974160206718346 0.6025974025974026 0.046899224806201546 0.04714285714285714 
2 0.6317829457364341 0.6506493506493507 0.046899224806201546 0.04714285714285714 
2 0.35142118863049093 0.18051948051948052 0.046899224806201546 0.04714285714285714 
2 0.08397932816537468 0.4662337662337662 0.046899224806201546 0.04714285714285714 
2 0.8010335917312662 0.625974025974026 0.046899224806201546 0.04714285714285714 
2 0.4819121447028424 0.4675324675324675 0.046899224806201546 0.04714285714285714 
2 0.3643410852713178 0.5467532467532468 0.046899224806201546 0.04714285714285714 
2 0.28940568475452194 0.11298701298701298 0.046899224806201546 0.04714285714285714 
2 0.748062015503876 0.09740259740259741 0.046899224806201546 0.04714285714285714 
2 0.11369509043927649 0.8701298701298701 0.046899224806201546 0.04714285714285714 
2 0.6925064599483204 0.8974025974025974 0.046899224806201546 0.04714285714285714 
2 0.47674418604651164 0.5753246753246753 0.046899224806201546 0.04714285714285714 
2 0.32945736434108525 0.461038961038961 0.046899224806201546 0.04714285714285714 
2 0.3281653746770026 0.33246753246753247 0.046899224806201546 0.04714285714285714 
2 0.417312661498708 0.9415584415584416 0.046899224806201546 0.04714285714285714 
2 0.19509043927648578 0.712987012987013 0.046899224806201546 0.04714285714285714 
2 0.32558139534883723 0.5077922077922078 0.046899224806201546 0.04714285714285714 
2 0.22739018087855298 0.9337662337662338 0.046899224806201546 0.04714285714285714 
2 0.4315245478036176 0.7506493506493507 0.046899224806201546 0.04714285714285714 
2 0.8979328165374677 0.14935064935064934 0.046899224806201546 0.04714285714285714 
2 0.9082687338501292 0.7623376623376623 0.046899224806201546 0.04714285714285714 
2 0.7596899224806202 0.2714285714285714 0.046899224806201546 0.04714285714285714 
2 0.9250645994832042 0.9376623376623376 0.046899224806201546 0.04714285714285714 
2 0.896640826873385 0.8428571428571429 0.046899224806201546 0.04714285714285714 
