8 0.029715762273901807 0.9792207792207792 0.026873385012919897 0.027012987012987013 
8 0.06976744186046512 0.9792207792207792 0.026873385012919897 0.027012987012987013 
8 0.08527131782945736 0.9792207792207792 0.026873385012919897 0.027012987012987013 
8 0.12015503875968993 0.9792207792207792 0.026873385012919897 0.027012987012987013 
8 0.14857881136950904 0.9766233766233766 0.026873385012919897 0.027012987012987013 
8 0.18992248062015504 0.974025974025974 0.026873385012919897 0.027012987012987013 
8 0.22093023255813954 0.9714285714285714 0.026873385012919897 0.027012987012987013 
8 0.23772609819121446 0.9688311688311688 0.026873385012919897 0.027012987012987013 
8 0.25193798449612403 0.964935064935065 0.026873385012919897 0.027012987012987013 
8 0.3087855297157623 0.951948051948052 0.026873385012919897 0.027012987012987013 
8 0.3359173126614987 0.9441558441558442 0.026873385012919897 0.027012987012987013 
8 0.35917312661498707 0.9363636363636364 0.026873385012919897 0.027012987012987013 
8 0.4082687338501292 0.912987012987013 0.026873385012919897 0.027012987012987013 
8 0.4483204134366925 0.8909090909090909 0.026873385012919897 0.027012987012987013 
8 0.4728682170542636 0.8779220779220779 0.026873385012919897 0.027012987012987013 
8 0.5465116279069767 0.8181818181818182 0.026873385012919897 0.027012987012987013 
8 0.5684754521963824 0.7974025974025974 0.026873385012919897 0.027012987012987013 
8 0.5813953488372093 0.7844155844155845 0.026873385012919897 0.027012987012987013 
8 0.6162790697674418 0.7480519480519481 0.026873385012919897 0.027012987012987013 
8 0.6563307493540051 0.6961038961038961 0.026873385012919897 0.027012987012987013 
8 0.7067183462532299 0.625974025974026 0.026873385012919897 0.027012987012987013 
8 0.7428940568475452 0.5675324675324676 0.026873385012919897 0.027012987012987013 
8 0.7919896640826873 0.4792207792207792 0.026873385012919897 0.027012987012987013 
8 0.8475452196382429 0.36493506493506495 0.026873385012919897 0.027012987012987013 
8 0.8669250645994832 0.3194805194805195 0.026873385012919897 0.027012987012987013 
8 0.9069767441860465 0.21948051948051947 0.026873385012919897 0.027012987012987013 
8 0.9534883720930233 0.09610389610389611 0.026873385012919897 0.027012987012987013 
