4 0.041343669250646 0.977922077922078 0.046899224806201546 0.04714285714285714 
4 0.05426356589147287 0.9766233766233766 0.046899224806201546 0.04714285714285714 
4 0.15503875968992248 0.9753246753246754 0.046899224806201546 0.04714285714285714 
4 0.1937984496124031 0.9714285714285714 0.046899224806201546 0.04714285714285714 
4 0.2441860465116279 0.961038961038961 0.046899224806201546 0.04714285714285714 
4 0.2713178294573643 0.9545454545454546 0.046899224806201546 0.04714285714285714 
4 0.3087855297157623 0.9428571428571428 0.046899224806201546 0.04714285714285714 
4 0.3359173126614987 0.9363636363636364 0.046899224806201546 0.04714285714285714 
4 0.35012919896640826 0.9311688311688312 0.046899224806201546 0.04714285714285714 
4 0.39018087855297157 0.9168831168831169 0.046899224806201546 0.04714285714285714 
4 0.42377260981912146 0.9025974025974026 0.046899224806201546 0.04714285714285714 
4 0.43669250645994834 0.8948051948051948 0.046899224806201546 0.04714285714285714 
4 0.5077519379844961 0.8454545454545455 0.046899224806201546 0.04714285714285714 
4 0.5529715762273901 0.8038961038961039 0.046899224806201546 0.04714285714285714 
4 0.5723514211886305 0.7844155844155845 0.046899224806201546 0.04714285714285714 
4 0.6059431524547804 0.7467532467532467 0.046899224806201546 0.04714285714285714 
4 0.6472868217054264 0.6961038961038961 0.046899224806201546 0.04714285714285714 
4 0.6744186046511628 0.6636363636363637 0.046899224806201546 0.04714285714285714 
4 0.7170542635658915 0.6038961038961039 0.046899224806201546 0.04714285714285714 
4 0.7299741602067183 0.5792207792207792 0.046899224806201546 0.04714285714285714 
4 0.7454780361757106 0.5584415584415584 0.046899224806201546 0.04714285714285714 
4 0.7700258397932817 0.512987012987013 0.046899224806201546 0.04714285714285714 
4 0.838501291989664 0.37792207792207794 0.046899224806201546 0.04714285714285714 
4 0.9069767441860465 0.21558441558441557 0.046899224806201546 0.04714285714285714 
4 0.9534883720930233 0.09350649350649351 0.046899224806201546 0.04714285714285714 
4 0.9715762273901809 0.04415584415584416 0.046899224806201546 0.04714285714285714 
