6 0.03229974160206718 0.7480519480519481 0.028423772609819122 0.02857142857142857 
6 0.23126614987080105 0.687012987012987 0.028423772609819122 0.02857142857142857 
6 0.3178294573643411 0.17532467532467533 0.028423772609819122 0.02857142857142857 
6 0.39018087855297157 0.4025974025974026 0.028423772609819122 0.02857142857142857 
6 0.4625322997416021 0.261038961038961 0.028423772609819122 0.02857142857142857 
6 0.6227390180878553 0.7155844155844155 0.028423772609819122 0.02857142857142857 
6 0.6757105943152455 0.4844155844155844 0.028423772609819122 0.02857142857142857 
6 0.7971576227390181 0.7740259740259741 0.028423772609819122 0.02857142857142857 
6 0.8785529715762274 0.03506493506493506 0.028423772609819122 0.02857142857142857 
6 0.9224806201550387 0.6337662337662338 0.028423772609819122 0.02857142857142857 
