1 0.01808785529715762 0.5402597402597402 0.0483204134366925 0.04857142857142857 
1 0.10077519379844961 0.44285714285714284 0.0483204134366925 0.04857142857142857 
1 0.12015503875968993 0.44285714285714284 0.0483204134366925 0.04857142857142857 
1 0.15762273901808785 0.1038961038961039 0.0483204134366925 0.04857142857142857 
1 0.2157622739018088 0.9714285714285714 0.0483204134366925 0.04857142857142857 
1 0.29328165374677 0.34675324675324676 0.0483204134366925 0.04857142857142857 
1 0.3281653746770026 0.5 0.0483204134366925 0.04857142857142857 
1 0.3669250645994832 0.4818181818181818 0.0483204134366925 0.04857142857142857 
1 0.4289405684754522 0.06623376623376623 0.0483204134366925 0.04857142857142857 
1 0.45348837209302323 0.2571428571428571 0.0483204134366925 0.04857142857142857 
1 0.4728682170542636 0.44415584415584414 0.0483204134366925 0.04857142857142857 
1 0.5788113695090439 0.2597402597402597 0.0483204134366925 0.04857142857142857 
1 0.6421188630490956 0.6792207792207792 0.0483204134366925 0.04857142857142857 
1 0.6705426356589147 0.32727272727272727 0.0483204134366925 0.04857142857142857 
1 0.7390180878552972 0.22597402597402597 0.0483204134366925 0.04857142857142857 
1 0.7583979328165374 0.16623376623376623 0.0483204134366925 0.04857142857142857 
1 0.8359173126614987 0.564935064935065 0.0483204134366925 0.04857142857142857 
1 0.91343669250646 0.6688311688311688 0.0483204134366925 0.04857142857142857 
1 0.9521963824289406 0.7285714285714285 0.0483204134366925 0.04857142857142857 
