3 0.6589147286821705 0.3 0.046899224806201546 0.04714285714285714 
3 0.3333333333333333 0.7090909090909091 0.046899224806201546 0.04714285714285714 
3 0.851421188630491 0.6857142857142857 0.046899224806201546 0.04714285714285714 
3 0.624031007751938 0.24675324675324675 0.046899224806201546 0.04714285714285714 
3 0.4289405684754522 0.8493506493506493 0.046899224806201546 0.04714285714285714 
3 0.21705426356589147 0.9675324675324676 0.046899224806201546 0.04714285714285714 
3 0.4198966408268734 0.2649350649350649 0.046899224806201546 0.04714285714285714 
3 0.9405684754521964 0.4805194805194805 0.046899224806201546 0.04714285714285714 
3 0.05426356589147287 0.3155844155844156 0.046899224806201546 0.04714285714285714 
3 0.9366925064599483 0.6298701298701299 0.046899224806201546 0.04714285714285714 
3 0.2558139534883721 0.3168831168831169 0.046899224806201546 0.04714285714285714 
3 0.35658914728682173 0.42727272727272725 0.046899224806201546 0.04714285714285714 
3 0.8901808785529716 0.13506493506493505 0.046899224806201546 0.04714285714285714 
3 0.6731266149870802 0.5 0.046899224806201546 0.04714285714285714 
3 0.7260981912144703 0.7012987012987013 0.046899224806201546 0.04714285714285714 
3 0.8811369509043928 0.2961038961038961 0.046899224806201546 0.04714285714285714 
3 0.6808785529715762 0.8688311688311688 0.046899224806201546 0.04714285714285714 
3 0.7571059431524548 0.37402597402597404 0.046899224806201546 0.04714285714285714 
3 0.39405684754521964 0.45194805194805193 0.046899224806201546 0.04714285714285714 
3 0.7790697674418605 0.42727272727272725 0.046899224806201546 0.04714285714285714 
3 0.05813953488372093 0.6207792207792208 0.046899224806201546 0.04714285714285714 
3 0.08139534883720931 0.8857142857142857 0.046899224806201546 0.04714285714285714 
3 0.43281653746770027 0.12727272727272726 0.046899224806201546 0.04714285714285714 
3 0.2971576227390181 0.2077922077922078 0.046899224806201546 0.04714285714285714 
3 0.42377260981912146 0.8792207792207792 0.046899224806201546 0.04714285714285714 
3 0.4069767441860465 0.18961038961038962 0.046899224806201546 0.04714285714285714 
3 0.5142118863049095 0.7532467532467533 0.046899224806201546 0.04714285714285714 
3 0.6976744186046512 0.7298701298701299 0.046899224806201546 0.04714285714285714 
3 0.7777777777777778 0.6792207792207792 0.046899224806201546 0.04714285714285714 
3 0.8333333333333334 0.6 0.046899224806201546 0.04714285714285714 
3 0.5051679586563308 0.12597402597402596 0.046899224806201546 0.04714285714285714 
3 0.1524547803617571 0.6311688311688312 0.046899224806201546 0.04714285714285714 
3 0.7286821705426356 0.8922077922077922 0.046899224806201546 0.04714285714285714 
3 0.14599483204134367 0.45324675324675323 0.046899224806201546 0.04714285714285714 
3 0.11369509043927649 0.16363636363636364 0.046899224806201546 0.04714285714285714 
3 0.36304909560723514 0.8974025974025974 0.046899224806201546 0.04714285714285714 
3 0.7170542635658915 0.712987012987013 0.046899224806201546 0.04714285714285714 
3 0.14470284237726097 0.8493506493506493 0.046899224806201546 0.04714285714285714 
3 0.6291989664082688 0.34155844155844156 0.046899224806201546 0.04714285714285714 
3 0.8229974160206718 0.6454545454545455 0.046899224806201546 0.04714285714285714 
3 0.9806201550387597 0.07402597402597402 0.046899224806201546 0.04714285714285714 
3 0.8359173126614987 0.8181818181818182 0.046899224806201546 0.04714285714285714 
3 0.8036175710594315 0.7077922077922078 0.046899224806201546 0.04714285714285714 
3 0.7338501291989664 0.6922077922077922 0.046899224806201546 0.04714285714285714 
3 0.5762273901808785 0.6493506493506493 0.046899224806201546 0.04714285714285714 
3 0.4160206718346253 0.6116883116883117 0.046899224806201546 0.04714285714285714 
3 0.24289405684754523 0.9142857142857143 0.046899224806201546 0.04714285714285714 
3 0.627906976744186 0.04025974025974026 0.046899224806201546 0.04714285714285714 
3 0.23126614987080105 0.10909090909090909 0.046899224806201546 0.04714285714285714 
3 0.4780361757105943 0.512987012987013 0.046899224806201546 0.04714285714285714 
3 0.6821705426356589 0.5363636363636364 0.046899224806201546 0.04714285714285714 
3 0.1744186046511628 0.509090909090909 0.046899224806201546 0.04714285714285714 
3 0.03875968992248062 0.7181818181818181 0.046899224806201546 0.04714285714285714 
3 0.30361757105943155 0.9636363636363636 0.046899224806201546 0.04714285714285714 
3 0.9677002583979328 0.01948051948051948 0.046899224806201546 0.04714285714285714 
3 0.7622739018087855 0.687012987012987 0.046899224806201546 0.04714285714285714 
3 0.10723514211886305 0.33506493506493507 0.046899224806201546 0.04714285714285714 
3 0.5219638242894057 0.7376623376623377 0.046899224806201546 0.04714285714285714 
3 0.9366925064599483 0.6090909090909091 0.046899224806201546 0.04714285714285714 
3 0.8501291989664083 0.8818181818181818 0.046899224806201546 0.04714285714285714 
3 0.25839793281653745 0.43896103896103894 0.046899224806201546 0.04714285714285714 
3 0.03617571059431524 0.15064935064935064 0.046899224806201546 0.04714285714285714 
3 0.9483204134366925 0.8324675324675325 0.046899224806201546 0.04714285714285714 
