0 0.6291989664082688 0.4987012987012987 0.021640826873385012 0.021753246753246754 
0 0.2596899224806202 0.7441558441558441 0.021640826873385012 0.021753246753246754 
0 0.165374677002584 0.9363636363636364 0.021640826873385012 0.021753246753246754 
0 0.40310077519379844 0.4961038961038961 0.021640826873385012 0.021753246753246754 
0 0.4186046511627907 0.43376623376623374 0.021640826873385012 0.021753246753246754 
0 0.32945736434108525 0.04155844155844156 0.021640826873385012 0.021753246753246754 
0 0.7532299741602068 0.2818181818181818 0.021640826873385012 0.021753246753246754 
0 0.9366925064599483 0.12207792207792208 0.021640826873385012 0.021753246753246754 
0 0.2958656330749354 0.8311688311688312 0.021640826873385012 0.021753246753246754 
0 0.056847545219638244 0.5818181818181818 0.021640826873385012 0.021753246753246754 
0 0.3397932816537468 0.35714285714285715 0.021640826873385012 0.021753246753246754 
0 0.5594315245478036 0.9506493506493506 0.021640826873385012 0.021753246753246754 
0 0.479328165374677 0.44805194805194803 0.021640826873385012 0.021753246753246754 
0 0.9354005167958657 0.8272727272727273 0.021640826873385012 0.021753246753246754 
0 0.5284237726098191 0.18051948051948052 0.021640826873385012 0.021753246753246754 
0 0.8940568475452196 0.0987012987012987 0.021640826873385012 0.021753246753246754 
0 0.751937984496124 0.7597402597402597 0.021640826873385012 0.021753246753246754 
0 0.04263565891472868 0.37142857142857144 0.021640826873385012 0.021753246753246754 
0 0.06589147286821706 0.08571428571428572 0.021640826873385012 0.021753246753246754 
0 0.6989664082687338 0.8415584415584415 0.021640826873385012 0.021753246753246754 
0 0.7790697674418605 0.8974025974025974 0.021640826873385012 0.021753246753246754 
0 0.49224806201550386 0.6558441558441559 0.021640826873385012 0.021753246753246754 
0 0.648578811369509 0.10649350649350649 0.021640826873385012 0.021753246753246754 
0 0.8294573643410853 0.6571428571428571 0.021640826873385012 0.021753246753246754 
0 0.28036175710594313 0.17142857142857143 0.021640826873385012 0.021753246753246754 
0 0.9806201550387597 0.6688311688311688 0.021640826873385012 0.021753246753246754 
0 0.18733850129198967 0.3194805194805195 0.021640826873385012 0.021753246753246754 
0 0.9806201550387597 0.1987012987012987 0.021640826873385012 0.021753246753246754 
0 0.8087855297157622 0.4155844155844156 0.021640826873385012 0.021753246753246754 
0 0.7002583979328165 0.2077922077922078 0.021640826873385012 0.021753246753246754 
0 0.05555555555555555 0.8623376623376623 0.021640826873385012 0.021753246753246754 
0 0.29069767441860467 0.14025974025974025 0.021640826873385012 0.021753246753246754 
0 0.2558139534883721 0.5428571428571428 0.021640826873385012 0.021753246753246754 
0 0.24806201550387597 0.9285714285714286 0.021640826873385012 0.021753246753246754 
0 0.44573643410852715 0.6818181818181818 0.021640826873385012 0.021753246753246754 
0 0.05813953488372093 0.14285714285714285 0.021640826873385012 0.021753246753246754 
0 0.8281653746770026 0.19090909090909092 0.021640826873385012 0.021753246753246754 
0 0.40310077519379844 0.43636363636363634 0.021640826873385012 0.021753246753246754 
0 0.18733850129198967 0.7766233766233767 0.021640826873385012 0.021753246753246754 
0 0.028423772609819122 0.45064935064935063 0.021640826873385012 0.021753246753246754 
0 0.06976744186046512 0.05974025974025974 0.021640826873385012 0.021753246753246754 
0 0.9444444444444444 0.7883116883116883 0.021640826873385012 0.021753246753246754 
0 0.39147286821705424 0.7935064935064935 0.021640826873385012 0.021753246753246754 
0 0.6576227390180879 0.8428571428571429 0.021640826873385012 0.021753246753246754 
0 0.5762273901808785 0.07792207792207792 0.021640826873385012 0.021753246753246754 
0 0.2997416020671835 0.7480519480519481 0.021640826873385012 0.021753246753246754 
0 0.748062015503876 0.5844155844155844 0.021640826873385012 0.021753246753246754 
0 0.8488372093023255 0.9324675324675324 0.021640826873385012 0.021753246753246754 
0 0.8178294573643411 0.2662337662337662 0.021640826873385012 0.021753246753246754 
0 0.07364341085271318 0.7311688311688311 0.021640826873385012 0.021753246753246754 
0 0.5801033591731266 0.6636363636363637 0.021640826873385012 0.021753246753246754 
0 0.39147286821705424 0.35454545454545455 0.021640826873385012 0.021753246753246754 
0 0.03488372093023256 0.23246753246753246 0.021640826873385012 0.021753246753246754 
0 0.4470284237726098 0.15844155844155844 0.021640826873385012 0.021753246753246754 
0 0.2997416020671835 0.2662337662337662 0.021640826873385012 0.021753246753246754 
0 0.8875968992248062 0.7259740259740259 0.021640826873385012 0.021753246753246754 
0 0.9767441860465116 0.3948051948051948 0.021640826873385012 0.021753246753246754 
0 0.08785529715762273 0.21298701298701297 0.021640826873385012 0.021753246753246754 
0 0.05167958656330749 0.01948051948051948 0.021640826873385012 0.021753246753246754 
0 0.11498708010335917 0.7662337662337663 0.021640826873385012 0.021753246753246754 
0 0.45219638242894056 0.6935064935064935 0.021640826873385012 0.021753246753246754 
0 0.9483204134366925 0.18441558441558442 0.021640826873385012 0.021753246753246754 
0 0.9689922480620154 0.5493506493506494 0.021640826873385012 0.021753246753246754 
0 0.627906976744186 0.6558441558441559 0.021640826873385012 0.021753246753246754 
0 0.7170542635658915 0.2974025974025974 0.021640826873385012 0.021753246753246754 
0 0.5232558139534884 0.34545454545454546 0.021640826873385012 0.021753246753246754 
0 0.32170542635658916 0.8831168831168831 0.021640826873385012 0.021753246753246754 
0 0.9780361757105943 0.574025974025974 0.021640826873385012 0.021753246753246754 
0 0.19767441860465115 0.053246753246753244 0.021640826873385012 0.021753246753246754 
0 0.5917312661498708 0.15064935064935064 0.021640826873385012 0.021753246753246754 
0 0.7067183462532299 0.05584415584415584 0.021640826873385012 0.021753246753246754 
0 0.4715762273901809 0.4831168831168831 0.021640826873385012 0.021753246753246754 
0 0.7881136950904393 0.2766233766233766 0.021640826873385012 0.021753246753246754 
0 0.8824289405684754 0.5181818181818182 0.021640826873385012 0.021753246753246754 
0 0.28811369509043927 0.7285714285714285 0.021640826873385012 0.021753246753246754 
