6 0.01808785529715762 0.15454545454545454 0.02790697674418605 0.028051948051948054 
6 0.10981912144702842 0.3987012987012987 0.02790697674418605 0.028051948051948054 
6 0.13953488372093023 0.1025974025974026 0.02790697674418605 0.028051948051948054 
6 0.1731266149870801 0.2662337662337662 0.02790697674418605 0.028051948051948054 
6 0.18733850129198967 0.4025974025974026 0.02790697674418605 0.028051948051948054 
6 0.2454780361757106 0.37142857142857144 0.02790697674418605 0.028051948051948054 
6 0.2648578811369509 0.5168831168831168 0.02790697674418605 0.028051948051948054 
6 0.3423772609819121 0.2974025974025974 0.02790697674418605 0.028051948051948054 
6 0.3953488372093023 0.561038961038961 0.02790697674418605 0.028051948051948054 
6 0.5012919896640827 0.09090909090909091 0.02790697674418605 0.028051948051948054 
6 0.5503875968992248 0.3935064935064935 0.02790697674418605 0.028051948051948054 
6 0.5749354005167958 0.6324675324675325 0.02790697674418605 0.028051948051948054 
6 0.6369509043927648 0.15064935064935064 0.02790697674418605 0.028051948051948054 
6 0.7829457364341085 0.3090909090909091 0.02790697674418605 0.028051948051948054 
6 0.8165374677002584 0.15844155844155844 0.02790697674418605 0.028051948051948054 
6 0.8449612403100775 0.612987012987013 0.02790697674418605 0.028051948051948054 
6 0.917312661498708 0.4779220779220779 0.02790697674418605 0.028051948051948054 
