7 0.027131782945736434 0.5714285714285714 0.03837209302325581 0.03857142857142857 
7 0.07622739018087855 0.44025974025974024 0.03837209302325581 0.03857142857142857 
7 0.12015503875968993 0.4649350649350649 0.03837209302325581 0.03857142857142857 
7 0.2648578811369509 0.34805194805194806 0.03837209302325581 0.03857142857142857 
7 0.3281653746770026 0.4649350649350649 0.03837209302325581 0.03857142857142857 
7 0.41472868217054265 0.3012987012987013 0.03837209302325581 0.03857142857142857 
7 0.5594315245478036 0.42727272727272725 0.03837209302325581 0.03857142857142857 
7 0.6511627906976745 0.5623376623376624 0.03837209302325581 0.03857142857142857 
7 0.689922480620155 0.6675324675324675 0.03837209302325581 0.03857142857142857 
7 0.7441860465116279 0.3077922077922078 0.03837209302325581 0.03857142857142857 
7 0.8217054263565892 0.6480519480519481 0.03837209302325581 0.03857142857142857 
7 0.8695090439276486 0.38701298701298703 0.03837209302325581 0.03857142857142857 
7 0.9082687338501292 0.6311688311688312 0.03837209302325581 0.03857142857142857 
7 0.9418604651162791 0.587012987012987 0.03837209302325581 0.03857142857142857 
