1 0.037467700258397935 0.5506493506493506 0.021834625322997413 0.021948051948051946 
1 0.10077519379844961 0.5194805194805194 0.021834625322997413 0.021948051948051946 
1 0.22093023255813954 0.7454545454545455 0.021834625322997413 0.021948051948051946 
1 0.32299741602067183 0.43116883116883115 0.021834625322997413 0.021948051948051946 
1 0.41472868217054265 0.2636363636363636 0.021834625322997413 0.021948051948051946 
1 0.5167958656330749 0.7493506493506493 0.021834625322997413 0.021948051948051946 
1 0.5594315245478036 0.5454545454545454 0.021834625322997413 0.021948051948051946 
1 0.6511627906976745 0.7090909090909091 0.021834625322997413 0.021948051948051946 
1 0.6950904392764858 0.8350649350649351 0.021834625322997413 0.021948051948051946 
1 0.8552971576227391 0.674025974025974 0.021834625322997413 0.021948051948051946 
1 0.9328165374677002 0.7363636363636363 0.021834625322997413 0.021948051948051946 
