1 0.01808785529715762 0.2714285714285714 0.02790697674418605 0.028051948051948054 
1 0.04263565891472868 0.43896103896103894 0.02790697674418605 0.028051948051948054 
1 0.15762273901808785 0.032467532467532464 0.02790697674418605 0.028051948051948054 
1 0.21188630490956073 0.33376623376623377 0.02790697674418605 0.028051948051948054 
1 0.29328165374677 0.4987012987012987 0.02790697674418605 0.028051948051948054 
1 0.3087855297157623 0.6142857142857143 0.02790697674418605 0.028051948051948054 
1 0.3281653746770026 0.36233766233766235 0.02790697674418605 0.028051948051948054 
1 0.3850129198966408 0.2077922077922078 0.02790697674418605 0.028051948051948054 
1 0.4005167958656331 0.787012987012987 0.02790697674418605 0.028051948051948054 
1 0.45348837209302323 0.7285714285714285 0.02790697674418605 0.028051948051948054 
1 0.5503875968992248 0.6350649350649351 0.02790697674418605 0.028051948051948054 
1 0.5697674418604651 0.5831168831168831 0.02790697674418605 0.028051948051948054 
1 0.6757105943152455 0.5194805194805194 0.02790697674418605 0.028051948051948054 
1 0.7338501291989664 0.43896103896103894 0.02790697674418605 0.028051948051948054 
1 0.7971576227390181 0.7246753246753247 0.02790697674418605 0.028051948051948054 
1 0.8785529715762274 0.6597402597402597 0.02790697674418605 0.028051948051948054 
1 0.91343669250646 0.922077922077922 0.02790697674418605 0.028051948051948054 
